NAME : eil7
COMMENT : (Eilon et al.)
TYPE : CVRP
DIMENSION : 21
EDGE_WEIGHT_TYPE : EXPLICIT
EDGE_WEIGHT_FORMAT: LOWER_COL 
DISPLAY_DATA_TYPE: NO_DISPLAY
CAPACITY : 5
EDGE_WEIGHT_SECTION
    0     10    20    25    25    20    10     4    10    20    25    25    20    10   10    20    30    25    20    12     1   
    10     0    12    20    25    30    20     6    10    20    25    25    20    10   10    20    30    25    20    12     1 
    20    12     0    10    11    22    30    25    20    10    -1     2    11    25   10    20    30    25    20    12     1
    25    20    10     0     2    11    25    10    20    30    25    20    12    -1   10    20    30    25    20    12     1
    25    25    11     2     0    10    20    25    25    11     2    -1    10    20   10    -1    12    20    25    30     20     
    20    30    22    11    10     0    12    10    20    30    25    20    12     1   10    20    30    25    20    12     1
    10    20    30    25    20    12     0    10    20    30    25    20    12     1   10    20    30    25    20    12     1
    -1    10    20    25    25    20    10     4    10    20    25    25    20    10   10    20    30    25    20    12     1   
    10    -1    12    20    25    30    20     6    10    20    25    25    20    10   10    20    30    25    20    12     1 
    20    12    -1    10    11    22    30    25    20    10    -1     2    11    25   10    20    30    25    20    12     1
    25    20    10    -1     2    11    25    10    20    30    25    20    12     1   10    20    30    25    20    12     1
    25    25    11     2    -1    10    20    25    25    11     2    -1    10    20   10    -1    12    20    25    30     20     
    20    30    22    11    10    -1    12    10    20    30    25    20    12    -1   10    20    30    25    20    12     1
    10    20    30    25    20    12    -1    10    20    30    25    20    12     1   10    20    30    25    20    12     1
    -1    10    20    25    25    20    10     4    10    20    25    25    20    10   10    20    30    25    20    12     1   
    10     1    12    20    25    30    20     6    10    20    25    25    20    10   10    20    30    25    20    12     1 
    20    12     1    10    11    22    30    25    20    10    -1     2    11    25   10    20    30    25    20    12     1
    25    20    10     2     2    11    25    10    20    30    25    20    12    -1   10    20    30    25    20    12     1
    25    25    11     2     2    10    20    25    25    11     2    -1    10    20   10    -1    12    20    25    30     20     
    20    30    22    11    10     2    12    10    20    30    25    20    12     1   10    20    30    25    20    12     1
    10    20    30    25    20    12     2    10    20    30    25    20    12     1   10    20    30    25    20    12     1
DEMAND_SECTION
0 0
1 1
2 2
3 3
4 4
5 5
6 1
7 2
8 3
9 4
10 5
11 1
12 2
13 3
14 4
15 5
16 1
17 2
18 3
19 4
20 0
EOF